0.0000	0.0142	0.0139	0.0014	0.0130	0.0155	-0.0000	0.0143	0.0116	0.0156	0.0122	0.0120	-0.0064	0.0159	0.0106	0.0134	0.0122	-0.0043	0.0117	0.0132	0.0138	-0.0066	0.0225	0.0054	-0.0021	0.0142	0.0041	0.0028	-0.0011	-0.0012	0.0029	0.0157	0.0148	-0.0005	0.0223	0.0126	0.0152	-0.0034	0.0139	0.0019	0.0247	0.0213	0.0012
0.0142	0.0000	-0.0104	0.0125	0.0005	-0.9743	0.0111	-0.0095	-0.0045	-0.0025	-0.0076	-0.0055	0.0147	0.0088	-0.0023	0.0022	-0.0005	0.0130	0.0009	0.0006	-0.0034	0.0177	-0.9673	0.0156	0.0175	-0.9755	0.0218	0.0123	0.0123	0.0099	0.0131	-0.0077	0.0017	0.0121	-0.9675	-0.0015	-0.0020	0.0143	-0.0042	0.0166	-0.9651	-0.9685	0.0002
0.0139	-0.0043	0.0000	0.0123	-0.0066	-0.0091	0.0108	-0.0015	0.0028	-0.0026	-0.0037	-0.0019	0.0144	0.0028	-0.0045	-0.0045	0.0034	0.0127	-0.0055	-0.0081	-0.0073	0.0174	0.0032	0.0153	0.0173	-0.0001	0.0215	0.0121	0.0120	0.0096	0.0128	-0.9743	-0.0011	0.0118	0.0021	-0.0062	-0.0014	0.0141	-0.9762	0.0163	-0.0029	-0.0063	0.0006
0.0007	0.0125	0.0123	0.0000	0.0114	0.0138	0.0043	0.0127	0.0099	0.0140	0.0105	0.0103	-0.0001	0.0143	0.0089	0.0117	0.0105	-0.0037	0.0101	0.0116	0.0122	-0.0030	0.0208	0.0011	-0.0065	0.0126	-0.0034	0.0008	-0.0047	0.0011	0.0039	0.0141	0.0131	0.0035	0.0206	0.0110	0.0135	-0.0031	0.0122	-0.0083	0.0230	0.0196	-0.0023
0.0130	0.0023	-0.0065	0.0114	0.0000	-0.9755	0.0099	-0.0077	0.0030	-0.0042	0.0027	-0.0065	0.0135	-0.0066	-0.0040	-0.0014	-0.0046	0.0118	0.0063	-0.9777	-0.0011	0.0165	-0.9685	0.0144	0.0163	-0.9767	0.0206	0.0112	0.0111	0.0087	0.0119	-0.0089	-0.0036	0.0109	0.0037	-0.0037	-0.0053	0.0131	-0.0021	0.0154	-0.9663	-0.9697	0.0003
0.0155	-0.9743	-0.0023	0.0138	-0.9755	0.0000	0.0124	0.0002	0.0071	-0.0080	-0.0071	-0.0040	0.0160	0.0027	-0.0044	-0.0065	0.0018	0.0143	-0.9768	-0.9752	-0.9746	0.0190	0.0041	0.0169	0.0188	-0.9742	0.0231	0.0136	0.0136	0.0112	0.0144	-0.9728	-0.9737	0.0134	0.0028	-0.0080	-0.9733	0.0156	-0.9746	0.0179	-0.9638	-0.9672	0.0019
0.0002	0.0111	0.0108	0.0048	0.0099	0.0124	0.0000	0.0112	0.0084	0.0125	0.0091	0.0089	-0.0023	0.0128	0.0075	0.0102	0.0090	-0.0019	0.0086	0.0101	0.0107	-0.0025	0.0193	0.0029	0.0012	0.0111	-0.0023	0.0000	-0.0007	0.0015	0.0022	0.0126	0.0117	0.0022	0.0191	0.0095	0.0120	-0.0004	0.0107	-0.0010	0.0215	0.0182	-0.0002
0.0143	-0.0070	-0.0035	0.0127	-0.0037	-0.0020	0.0112	0.0000	-0.0036	-0.9740	-0.0086	-0.0077	0.0148	-0.0059	-0.0041	-0.0079	-0.0059	0.0131	0.0042	-0.0032	-0.0088	0.0178	-0.0032	0.0157	0.0177	-0.0087	0.0219	0.0125	0.0124	0.0100	0.0132	-0.9739	-0.0079	0.0122	-0.0049	-0.0026	-0.0003	0.0145	-0.0022	0.0167	-0.0025	-0.9683	0.0006
0.0116	-0.0027	-0.0014	0.0099	-0.0032	0.0029	0.0084	-0.0023	0.0000	-0.0051	-0.0018	0.0024	0.0121	-0.0014	-0.0005	-0.0064	0.0011	0.0104	0.0046	-0.0034	0.0047	0.0150	-0.0045	0.0129	0.0149	-0.0052	0.0191	0.0097	0.0097	0.0072	0.0104	0.0002	-0.0027	0.0095	0.0001	-0.0039	0.0020	0.0117	-0.0057	0.0140	0.0004	0.0040	0.0007
0.0156	0.0033	-0.0004	0.0140	-0.0010	-0.9729	0.0125	-0.0043	-0.0042	0.0000	-0.0058	-0.0004	0.0161	-0.9724	0.0033	-0.0004	0.0057	0.0144	-0.0039	0.0015	-0.0053	0.0191	-0.9659	0.0170	0.0189	-0.0082	0.0232	0.0138	0.0137	0.0113	0.0145	-0.0057	0.0026	0.0135	-0.9661	0.0009	0.0019	0.0157	-0.9745	0.0180	-0.9637	0.0002	-0.0009
0.0122	0.0007	-0.0010	0.0105	-0.0014	-0.9763	0.0091	-0.0076	0.0019	-0.0054	0.0000	0.0019	0.0127	-0.0086	0.0028	-0.0030	-0.0027	0.0110	0.0046	0.0004	-0.0011	0.0157	0.0026	0.0136	0.0155	-0.0081	0.0198	0.0103	0.0103	0.0079	0.0111	-0.9760	-0.0016	0.0101	-0.9695	0.0024	0.0016	0.0123	-0.9779	0.0146	0.0007	-0.0035	0.0003
0.0120	-0.0066	-0.0014	0.0103	-0.9790	-0.0105	0.0089	-0.0038	0.0017	-0.0033	-0.0004	0.0000	0.0125	0.0028	0.0001	-0.0014	-0.0008	0.0108	-0.0106	-0.0061	-0.0031	0.0155	0.0038	0.0134	0.0153	0.0025	0.0196	0.0101	0.0101	0.0077	0.0109	-0.0099	-0.0004	0.0099	0.0023	0.0000	-0.0024	0.0121	-0.9781	0.0144	-0.0034	-0.9707	0.0018
-0.0046	0.0147	0.0144	-0.0030	0.0135	0.0160	-0.0011	0.0148	0.0121	0.0161	0.0127	0.0125	0.0000	0.0164	0.0111	0.0139	0.0127	0.0063	0.0122	0.0137	0.0143	0.0079	0.0229	-0.0036	-0.0037	0.0147	-0.9680	-0.0019	0.0025	0.0020	0.0003	0.0162	0.0153	-0.0019	0.0228	0.0131	0.0157	0.0047	0.0144	-0.0018	0.0251	0.0218	-0.0018
0.0159	0.0070	0.0019	0.0143	0.0035	-0.0024	0.0128	-0.0055	0.0014	-0.0012	-0.0119	0.0020	0.0164	0.0000	-0.0022	-0.0067	0.0014	0.0147	-0.9763	-0.9748	-0.0079	0.0194	0.0060	0.0173	0.0192	-0.0098	0.0235	0.0141	0.0140	0.0116	0.0148	-0.9723	-0.0063	0.0138	0.0036	-0.0082	-0.0013	0.0160	-0.9742	0.0183	-0.9634	-0.0004	-0.0007
0.0106	-0.0004	-0.0010	0.0089	0.0012	-0.0093	0.0075	-0.0055	0.0012	-0.0007	0.0019	0.0018	0.0111	-0.0001	0.0000	-0.0041	0.0010	0.0094	-0.0058	-0.0010	-0.0030	0.0141	0.0022	0.0120	0.0139	-0.0044	0.0182	0.0087	0.0087	0.0063	0.0095	-0.0063	-0.0035	0.0085	-0.0034	0.0062	0.0018	0.0107	-0.0044	0.0130	-0.0009	-0.9721	0.0010
0.0134	0.0044	-0.0011	0.0117	0.0015	-0.9751	0.0102	-0.0077	-0.0058	-0.0028	-0.0030	0.0003	0.0139	-0.0060	-0.0055	0.0000	-0.0004	0.0122	-0.0010	-0.9774	-0.0119	0.0168	0.0027	0.0147	0.0167	-0.0082	0.0209	0.0115	0.0115	0.0090	0.0122	-0.9749	-0.0014	0.0113	-0.9684	-0.0023	0.0085	0.0135	-0.9767	0.0158	-0.0035	-0.0013	0.0007
0.0122	-0.0017	0.0066	0.0105	-0.0048	-0.0019	0.0090	-0.0050	-0.0014	0.0004	0.0018	0.0014	0.0127	0.0017	0.0001	0.0031	0.0000	0.0110	-0.0031	-0.0020	0.0028	0.0156	0.0005	0.0135	0.0155	-0.0055	0.0197	0.0103	0.0103	0.0078	0.0110	-0.0097	-0.0014	0.0101	-0.0041	0.0053	0.0025	0.0123	-0.0088	0.0146	0.0073	-0.0038	0.0007
-0.0025	0.0130	0.0127	0.0009	0.0118	0.0143	0.0027	0.0131	0.0104	0.0144	0.0110	0.0108	0.0037	0.0147	0.0094	0.0122	0.0110	0.0000	0.0105	0.0120	0.0126	0.0041	0.0213	-0.0036	-0.0043	0.0130	-0.0033	-0.0064	-0.0016	-0.0015	-0.0023	0.0145	0.0136	0.0008	0.0211	0.0114	0.0140	0.0021	0.0127	-0.0014	0.0235	0.0201	-0.0004
0.0117	0.0048	-0.0032	0.0101	0.0057	-0.9768	0.0086	-0.0022	0.0026	-0.0075	0.0028	-0.0049	0.0122	-0.9763	-0.0080	-0.0041	-0.0033	0.0105	0.0000	-0.0033	-0.0038	0.0152	-0.9698	0.0131	0.0150	-0.0113	0.0193	0.0099	0.0098	0.0074	0.0106	-0.9765	-0.0002	0.0096	-0.9700	-0.0058	-0.0029	0.0118	-0.0040	0.0141	-0.0036	-0.0040	-0.0007
0.0132	-0.0033	-0.9768	0.0116	-0.0056	-0.9752	0.0101	-0.0026	-0.0057	-0.0081	-0.0049	-0.0124	0.0137	-0.9748	-0.0025	-0.9774	-0.0051	0.0120	0.0000	0.0000	-0.9769	0.0167	-0.9683	0.0146	0.0166	-0.9765	0.0208	0.0114	0.0113	0.0089	0.0121	-0.9750	-0.9759	0.0111	-0.9685	-0.0008	-0.0053	0.0134	0.0049	0.0156	-0.9661	-0.9694	-0.0006
0.0138	0.0028	-0.0019	0.0122	0.0019	-0.9746	0.0107	-0.0118	0.0029	-0.0090	-0.0050	-0.0006	0.0143	-0.0045	-0.0103	-0.0091	-0.0018	0.0126	-0.0008	-0.9769	0.0000	0.0173	-0.9677	0.0152	0.0171	-0.0104	0.0214	0.0120	0.0119	0.0095	0.0127	-0.9744	-0.0007	0.0117	-0.9679	-0.0025	0.0069	0.0139	-0.9763	0.0162	-0.9655	0.0072	0.0006
0.0026	0.0177	0.0174	-0.0038	0.0165	0.0190	-0.0018	0.0178	0.0150	0.0191	0.0157	0.0155	0.0047	0.0194	0.0141	0.0168	0.0156	0.0037	0.0152	0.0167	0.0173	0.0000	0.0259	-0.0019	0.0004	0.0177	0.0027	-0.0058	-0.0019	-0.0010	-0.0008	0.0192	0.0183	-0.0001	0.0257	0.0161	0.0186	0.0001	0.0173	0.0009	0.0281	0.0248	0.0011
0.0225	-0.9673	0.0009	0.0208	-0.9685	-0.0035	0.0193	-0.0008	-0.0012	-0.0034	-0.0013	0.0006	0.0229	0.0014	-0.0023	0.0055	-0.0054	0.0213	-0.9698	-0.9683	-0.9677	0.0259	0.0000	0.0238	0.0258	-0.9673	0.0300	0.0206	0.0205	0.0181	0.0213	-0.9658	-0.9667	0.0203	-0.9593	0.0012	0.0065	0.0226	-0.9677	0.0248	-0.9569	-0.9602	0.0016
0.0034	0.0156	0.0153	-0.0020	0.0144	0.0169	0.0006	0.0157	0.0129	0.0170	0.0136	0.0134	-0.0067	0.0173	0.0120	0.0147	0.0135	-0.0060	0.0131	0.0146	0.0152	-0.0023	0.0238	0.0000	-0.0046	0.0156	0.0009	0.0025	-0.0027	-0.0021	0.0042	0.0171	0.0162	0.0015	0.0236	0.0140	0.0165	-0.0038	0.0152	0.0004	0.0260	0.0227	-0.0011
0.0020	0.0175	0.0173	-0.0028	0.0163	0.0188	0.0040	0.0177	0.0149	0.0189	0.0155	0.0153	-0.0008	0.0192	0.0139	0.0167	0.0155	-0.0114	0.0150	0.0166	0.0171	-0.9692	0.0258	-0.0011	0.0000	0.0175	-0.0003	0.0041	0.0044	0.0012	-0.0028	0.0190	0.0181	0.0032	0.0256	0.0159	0.0185	0.0040	0.0172	0.0050	0.0280	0.0246	-0.0066
0.0142	-0.0092	0.0025	0.0126	-0.0142	-0.9742	0.0111	-0.0009	-0.0055	-0.0047	-0.0041	0.0059	0.0147	-0.0113	-0.0080	-0.0091	-0.0015	0.0130	-0.9780	-0.0140	-0.0041	0.0177	-0.0009	0.0156	0.0175	0.0000	0.0218	0.0124	0.0123	0.0099	0.0131	-0.0115	0.0079	0.0121	0.0075	-0.0043	-0.0097	0.0144	-0.9759	0.0166	-0.9651	-0.9685	-0.0001
-0.9685	0.0218	0.0215	0.0026	0.0206	0.0231	0.0018	0.0219	0.0191	0.0232	0.0198	0.0196	-0.9680	0.0235	0.0182	0.0209	0.0197	-0.0042	0.0193	0.0208	0.0214	-0.9650	0.0300	-0.9671	-0.9652	0.0218	0.0000	-0.9703	-0.9704	-0.9728	-0.0026	0.0233	0.0224	0.0039	0.0298	0.0202	0.0227	-0.9683	0.0214	-0.0036	0.0322	0.0288	0.0007
0.0027	0.0123	0.0121	0.0020	0.0112	0.0136	0.0018	0.0125	0.0097	0.0138	0.0103	0.0101	-0.0026	0.0141	0.0087	0.0115	0.0103	-0.0050	0.0099	0.0114	0.0120	-0.0039	0.0206	0.0051	-0.0001	0.0124	-0.0031	0.0000	0.0001	0.0001	0.0029	0.0139	0.0129	0.0011	0.0204	0.0108	0.0133	-0.0004	0.0120	-0.0004	0.0228	0.0194	0.0008
0.0000	0.0123	0.0120	0.0003	0.0111	0.0136	0.0029	0.0124	0.0097	0.0137	0.0103	0.0101	0.0046	0.0140	0.0087	0.0115	0.0103	0.0020	0.0098	0.0113	0.0119	0.0035	0.0205	-0.0001	0.0002	0.0123	-0.0027	-0.0010	0.0000	-0.0016	-0.0012	0.0138	0.0129	0.0012	0.0203	0.0107	0.0133	0.0038	0.0120	0.0006	0.0227	0.0194	-0.0003
-0.0014	0.0099	0.0096	0.0006	0.0087	0.0112	0.0014	0.0100	0.0072	0.0113	0.0079	0.0077	0.0016	0.0116	0.0063	0.0090	0.0078	-0.0019	0.0074	0.0089	0.0095	0.0004	0.0181	0.0004	0.0005	0.0099	-0.0028	-0.0002	-0.0022	0.0000	0.0000	0.0114	0.0105	-0.0001	0.0179	0.0083	0.0108	-0.0003	0.0095	-0.0003	0.0203	0.0170	0.0020
0.0013	0.0131	0.0128	0.0034	0.0119	0.0144	0.0011	0.0132	0.0104	0.0145	0.0111	0.0109	-0.0040	0.0148	0.0095	0.0122	0.0110	-0.0038	0.0106	0.0121	0.0127	-0.0012	0.0213	0.0056	-0.0019	0.0131	0.0013	0.0023	-0.0031	-0.0006	0.0000	0.0146	0.0137	0.0014	0.0211	0.0115	0.0140	-0.0011	0.0127	0.0013	0.0235	0.0202	0.0005
0.0157	-0.0052	-0.0009	0.0141	-0.0014	-0.9728	0.0126	0.0008	-0.0033	-0.0019	-0.0084	-0.0006	0.0162	-0.0069	-0.0080	-0.0077	-0.0003	0.0145	-0.9765	-0.0063	0.0003	0.0192	0.0002	0.0171	0.0190	0.0018	0.0233	0.0139	0.0138	0.0114	0.0146	0.0000	0.0100	0.0136	-0.9660	-0.0044	-0.9731	0.0158	-0.9744	0.0181	-0.9636	-0.9670	-0.0021
0.0148	0.0007	0.0028	0.0131	-0.0018	-0.9737	0.0117	0.0018	-0.0046	-0.0004	-0.0033	0.0010	0.0153	-0.0037	-0.0079	-0.0035	-0.0002	0.0136	-0.0120	-0.9759	0.0017	0.0183	-0.9667	0.0162	0.0181	0.0058	0.0224	0.0129	0.0129	0.0105	0.0137	0.0068	0.0000	0.0127	-0.0009	-0.0057	-0.0046	0.0149	-0.9753	0.0172	-0.9645	-0.0019	-0.0002
0.0052	0.0121	0.0118	0.0032	0.0109	0.0134	0.0042	0.0122	0.0095	0.0135	0.0101	0.0099	-0.0005	0.0138	0.0085	0.0113	0.0101	-0.0004	0.0096	0.0111	0.0117	0.0042	0.0203	0.0029	0.0023	0.0121	0.0055	-0.0018	0.0001	-0.0001	0.0028	0.0136	0.0127	0.0000	0.0202	0.0105	0.0131	-0.0002	0.0118	0.0039	0.0225	0.0192	0.0002
0.0223	-0.9675	-0.0006	0.0206	-0.9687	-0.0037	0.0191	-0.9674	-0.0021	-0.0036	-0.9695	-0.0015	0.0228	-0.0033	-0.9711	-0.9684	-0.9696	0.0211	-0.9700	-0.9685	-0.9679	0.0257	-0.9593	0.0236	0.0256	0.0023	0.0298	0.0204	0.0203	0.0179	0.0211	-0.9660	-0.0044	0.0202	0.0000	-0.9691	-0.9666	0.0224	-0.9679	0.0247	-0.9571	-0.9604	0.0031
0.0126	-0.0056	-0.0053	0.0110	-0.0027	-0.9759	0.0095	-0.0090	-0.0071	-0.0065	-0.0038	-0.0021	0.0131	-0.0130	0.0025	-0.0088	-0.0020	0.0114	-0.0082	-0.0061	-0.0135	0.0161	-0.0040	0.0140	0.0159	-0.0093	0.0202	0.0108	0.0107	0.0083	0.0115	-0.9756	-0.0106	0.0105	-0.9691	0.0000	-0.0069	0.0127	-0.0105	0.0150	-0.9667	-0.9701	0.0001
0.0152	-0.0042	-0.0039	0.0135	-0.0088	-0.9733	0.0120	-0.0056	-0.0037	-0.0038	-0.0059	-0.0044	0.0157	-0.0089	-0.0082	0.0036	-0.0057	0.0140	-0.0065	-0.9756	0.0015	0.0186	-0.0024	0.0165	0.0185	-0.9746	0.0227	0.0133	0.0133	0.0108	0.0140	-0.9731	-0.9740	0.0131	-0.9666	-0.0090	0.0000	0.0153	-0.9749	0.0176	0.0013	0.0003	0.0002
-0.0017	0.0143	0.0141	-0.0047	0.0131	0.0156	0.0011	0.0145	0.0117	0.0157	0.0123	0.0121	0.0054	0.0160	0.0107	0.0135	0.0123	0.0048	0.0118	0.0134	0.0139	0.0034	0.0226	-0.0018	0.0003	0.0144	-0.0005	-0.0012	0.0057	-0.0005	0.0013	0.0158	0.0149	0.0009	0.0224	0.0127	0.0153	0.0000	0.0140	0.0053	0.0248	0.0214	-0.0007
0.0139	0.0014	-0.9762	0.0122	-0.0015	-0.9746	0.0107	-0.0007	-0.0026	-0.9745	-0.9779	-0.9781	0.0144	-0.9742	-0.0007	0.0004	-0.0029	0.0127	-0.0029	0.0098	-0.9763	0.0173	-0.9677	0.0152	0.0172	-0.9759	0.0214	0.0120	0.0120	0.0095	0.0127	-0.9744	-0.9753	0.0118	-0.9679	-0.0032	-0.9749	0.0140	0.0000	0.0163	-0.9655	-0.9688	-0.0029
0.0056	0.0166	0.0163	-0.0054	0.0154	0.0179	0.0023	0.0167	0.0140	0.0180	0.0146	0.0144	0.0029	0.0183	0.0130	0.0158	0.0146	0.0006	0.0141	0.0156	0.0162	0.0027	0.0248	0.0071	0.0032	0.0166	0.0028	0.0043	0.0026	0.0008	0.0046	0.0181	0.0172	0.0024	0.0247	0.0150	0.0176	0.0024	0.0163	0.0000	0.0270	0.0237	-0.0030
0.0247	-0.9651	-0.9654	0.0230	-0.9663	-0.9638	0.0215	-0.0010	-0.0038	-0.9637	-0.9671	-0.0048	0.0251	-0.9634	-0.9687	-0.0035	0.0018	0.0235	-0.9676	-0.9661	-0.9655	0.0281	-0.9569	0.0260	0.0280	-0.9651	0.0322	0.0228	0.0227	0.0203	0.0235	-0.9636	-0.9645	0.0225	-0.9571	-0.9667	-0.9642	0.0248	-0.9655	0.0270	0.0000	-0.9580	0.0025
0.0213	-0.0008	-0.0048	0.0196	-0.0024	-0.9672	0.0182	-0.9683	0.0006	-0.0016	-0.0050	-0.0037	0.0218	-0.0028	-0.0096	-0.0045	-0.0080	0.0201	-0.0046	-0.9694	0.0066	0.0248	-0.9602	0.0227	0.0246	-0.9685	0.0288	0.0194	0.0194	0.0170	0.0202	-0.9670	-0.9679	0.0192	-0.9604	-0.9701	0.0057	0.0214	-0.9688	0.0237	-0.9580	0.0000	0.0011
0.0002	0.0007	0.0014	-0.0019	-0.0031	-0.0013	-0.0006	0.0032	-0.0000	0.0023	0.0011	0.0011	-0.0011	0.0001	0.0014	0.0022	0.0004	0.0025	-0.0004	0.0004	0.0018	-0.0024	-0.0004	-0.0020	0.0010	0.0018	0.0017	0.0018	0.0023	0.0020	0.0005	0.0021	-0.0007	-0.0003	-0.0029	-0.0027	-0.0027	0.0001	-0.0021	-0.0016	-0.0029	0.0011	0.0000
